//use: Object type rotation - x y plane boolean clip
//priff floor two
409 10 0 - 2207 3368 2
//(craft/smith/cook/fm)
90271 10 0 - 3815 4387 1
2782 10 2 - 3808 4391 1
6189 10 1 - 3810 4390 1
2642 10 0 - 3806 4389 1
2644 10 3 - 3806 4388 1
3198 10 0 - 3807 4386 1
114 10 2 - 3815 4385 1
88246 10 0 - 3810 4387 1
//mining
45076 10 0 - 3763 4379 1
5999 10 0 - 3760 4379 1
90271 10 2 - 3762 4387 1
90271 10 3 - 3757 4382 1
90271 10 0 - 3752 4386 1
90271 10 1 - 3757 4392 1
2560 10 0 - 3751 4379 1
2560 10 0 - 3750 4379 1
2560 10 0 - 3749 4379 1
2560 10 0 - 3748 4380 1
2560 10 0 - 3748 4381 1
2560 10 0 - 3748 4382 1
2560 10 0 - 3750 4381 1
92713 10 0 - 3766 4391 1
92713 10 0 - 3766 4392 1
92713 10 0 - 3766 4393 1
92713 10 0 - 3764 4394 1
92713 10 0 - 3763 4394 1
92713 10 0 - 3762 4394 1
92713 10 0 - 3764 4392 1
2104 10 0 - 3751 4395 1
14859 10 0 - 3750 4395 1
2104 10 0 - 3749 4395 1
2104 10 0 - 3748 4394 1
14859 10 0 - 3748 4393 1
2104 10 0 - 3748 4392 1
14859 10 0 - 3750 4393 1
2090 10 0 - 3746 4392 1
2094 10 0 - 3746 4393 1
2092 10 0 - 3745 4395 1
2092 10 0 - 3744 4394 1
2100 10 0 - 3743 4393 1
2100 10 0 - 3743 4395 1
2100 10 0 - 3741 4394 1
2096 10 0 - 3740 4393 1
2096 10 0 - 3739 4392 1
2096 10 0 - 3739 4391 1
2102 10 0 - 3739 4390 1
2102 10 0 - 3739 4389 1
2102 10 0 - 3739 4387 1
2102 10 0 - 3739 4386 1
2098 10 0 - 3740 4385 1
2098 10 0 - 3741 4385 1
2098 10 0 - 3742 4385 1
2098 10 0 - 3741 4387 1
2092 10 0 - 3743 4385 1
2092 10 0 - 3744 4385 1
2092 10 0 - 3745 4386 1
2094 10 0 - 3746 4387 1
2090 10 0 - 3746 4388 1
2108 10 0 - 3743 4389 1
2108 10 0 - 3742 4391 1
2108 10 0 - 3741 4389 1
//rc / prayer / cons 
79519 10 0 - 3764 4416 1
79520 10 0 - 3764 4412 1
26847 10 0 - 3758 4415 1
16684 10 0 - 3759 4408 1
16684 10 3 - 3753 4408 1
13197 10 3 - 3750 4410 1
90271 10 2 - 3750 4414 1
93284 10 0 - 3750 4417 1
//woodcutting
87508 10 0 - 3793 4420 1
87508 10 0 - 3793 4431 1
46320 5 1 - 3790 4435 1
46320 5 1 - 3789 4435 1
46320 5 1 - 3788 4435 1
46320 5 1 - 3787 4435 1
46320 5 1 - 3786 4435 1
46320 5 1 - 3785 4435 1
1306 10 0 - 3779 4434 1
1306 10 0 - 3779 4431 1
1306 10 0 - 3779 4426 1
1309 10 0 - 3779 4422 1
1309 10 0 - 3783 4420 1
139 10 0 - 3787 4420 1
139 10 0 - 3792 4421 1
139 10 0 - 3788 4422 1
139 10 0 - 3789 4420 1
88246 10 0 - 3790 4428 1
66668 10 0 - 3787 4428 1
//fish
47150 10 0 - 3809 4399 1
47150 10 0 - 3802 4399 1
47150 10 0 - 3802 4404 1
47150 10 0 - 3809 4404 1
90271 10 0 - 3807 4402 1
//summoning room
90271 10 0 - 3791 4394 1
90271 10 2 - 3784 4394 1
67036 10 0 - 3786 4403 1
63208 10 3 - 3785 4407 1
63208 10 3 - 3786 4407 1
92915 10 0 - 3786 4412 1
//entrance
1317 10 0 - 3790 4377 1
187 10 0 - 3781 4378 1
12128 22 0 - 3795 4387 1
92120 10 0 - 3779 4387 1
92413 10 3 - 3792 4390 1
92414 10 3 - 3790 4390 1
93249 10 3 - 3784 4390 1
92696 10 3 - 3782 4390 1
//death
-1 10 0 - 413 679 0
45802 10 3 - 413 680 0
9139 10 0 - 410 678 0
9139 10 0 - 409 678 0
9139 10 0 - 418 678 0
9139 10 0 - 419 678 0
4483 10 0 - 415 677 0
92120 10 0 - 2219 3368 1
//crafting guild
4483 10 2 - 2936 3279 0
//rune essence portals
2503 10 0 - 2927 4827 0
2503 10 0 - 2887 4818 0
2503 10 0 - 2891 4857 0
2503 10 0 - 2926 4842 0
12309 10 3 - 3219 9623 0
4483 10 2 - 3086 3523 0
-1 10 0 - 2329 3686 0
-1 10 0 - 2327 3686 0
-1 10 0 - 2327 3687 0
-1 10 0 - 2327 3689 0
-1 10 0 - 2327 3691 0
-1 10 0 - 2327 3693 0
-1 10 0 - 2328 3693 0
-1 10 0 - 2329 3693 0
-1 10 0 - 2330 3693 0
-1 10 0 - 2331 3693 0
-1 10 0 - 2332 3693 0
-1 10 0 - 2332 3692 0
-1 10 0 - 2332 3691 0
-1 10 0 - 2331 3692 0
-1 10 0 - 2330 3692 0
-1 10 0 - 2332 3687 0
-1 10 0 - 2332 3686 0
-1 10 0 - 2333 3686 0
-1 10 0 - 2333 3692 0
-1 10 0 - 2333 3693 0
-1 10 0 - 2336 3691 0
-1 10 0 - 2338 3690 0
-1 10 0 - 2338 3689 0
-1 10 0 - 2339 3688 0
-1 10 0 - 2340 3688 0
-1 10 0 - 2341 3688 0
-1 10 0 - 2341 3689 0
-1 10 0 - 2340 3689 0
-1 10 0 - 2339 3689 0
-1 10 0 - 2339 3690 0
-1 10 0 - 2340 3690 0
-1 10 0 - 2341 3690 0
-1 10 0 - 2342 3690 0
-1 10 0 - 2342 3689 0
-1 10 0 - 2344 3688 0
-1 10 0 - 2341 3692 0
-1 10 0 - 2340 3691 0
-1 10 0 - 2338 3678 0
-1 10 0 - 2339 3678 0
-1 10 0 - 2341 3675 0
-1 10 0 - 2345 3678 0
-1 10 0 - 2346 3678 0
-1 10 0 - 2346 3677 0
-1 10 0 - 2346 3674 0
-1 10 0 - 2346 3673 0
-1 10 0 - 2345 3673 0
-1 10 0 - 2343 3673 0
-1 10 0 - 2342 3673 0
-1 10 0 - 2341 3673 0
-1 10 0 - 2340 3673 0
-1 10 0 - 2339 3673 0
-1 10 0 - 2338 3673 0
-1 10 0 - 2338 3674 0
-1 10 0 - 2339 3674 0
-1 10 0 - 2341 3672 0
-1 10 0 - 2344 3672 0
-1 10 0 - 2345 3672 0
-1 10 0 - 2346 3668 0
-1 10 0 - 2347 3667 0
-1 10 0 - 2346 3667 0
-1 10 0 - 2345 3667 0
-1 10 0 - 2345 3666 0
-1 10 0 - 2346 3666 0
-1 10 0 - 2346 3665 0
-1 10 0 - 2345 3665 0
-1 10 0 - 2343 3675 0
-1 10 0 - 2347 3668 0
-1 10 0 - 2347 3666 0
-1 10 0 - 2332 3670 0
-1 10 0 - 2330 3670 0
-1 10 0 - 2328 3670 0
-1 10 0 - 2328 3666 0
-1 10 0 - 2330 3666 0
-1 10 0 - 2325 3666 0
-1 10 0 - 2318 3672 0
-1 10 0 - 2320 3672 0
-1 10 0 - 2321 3672 0
-1 10 0 - 2321 3671 0
-1 10 0 - 2320 3671 0
-1 10 0 - 2321 3670 0
-1 10 0 - 2333 3666 0
-1 10 0 - 2316 3678 0
-1 10 0 - 2321 3678 0
-1 10 0 - 2320 3680 0
-1 10 0 - 2320 3682 0
-1 10 0 - 2320 3684 0
-1 10 0 - 2320 3686 0
-1 10 0 - 2320 3688 0
-1 10 0 - 2316 3688 0
-1 10 0 - 2316 3686 0
-1 10 0 - 2316 3684 0
-1 10 0 - 2316 3682 0
-1 10 0 - 2316 3680 0
-1 10 0 - 2316 3689 0
-1 10 0 - 2321 3689 0
-1 10 0 - 2326 3691 0
-1 10 0 - 2354 3682 0
-1 10 0 - 2355 3681 0
-1 10 0 - 2352 3681 0
-1 10 0 - 2355 3679 0
-1 10 0 - 2355 3678 0
-1 10 0 - 2355 3677 0
-1 10 0 - 2356 3677 0
-1 10 0 - 2356 3685 0
-1 10 0 - 2356 3684 0
-1 10 0 - 2355 3684 0
-1 10 0 - 2352 3684 0
-1 10 0 - 2356 3688 0
-1 10 0 - 2355 3692 0
-1 10 0 - 2355 3695 0
-1 10 0 - 2356 3700 0
-1 10 0 - 2354 3702 0
-1 10 0 - 2353 3682 0
-1 10 0 - 2342 3679 0
-1 10 0 - 2316 3670 0
-1 10 0 - 2354 3692 0
-1 10 0 - 2355 3694 0
-1 10 0 - 2332 3689 0
25808 10 0 - 2332 3687 0
25808 10 0 - 2331 3687 0
25809 10 0 - 2330 3687 0
25808 10 0 - 2329 3687 0
25808 10 0 - 2328 3687 0
25809 10 0 - 2327 3687 0
409 10 2 - 2329 3685 0
94230 10 0 - 2343 3690 0
66532 10 0 - 2339 3692 0
2783 10 0 - 2342 3675 0
87520 10 0 - 2317 3694 0
92713 10 0 - 2344 3670 0
92713 10 0 - 2341 3670 0
92713 10 0 - 2338 3670 0
5999 10 0 - 2339 3666 0
37821 10 0 - 2313 3699 0
873 10 0 - 2316 3671 0
2732 10 0 - 2325 3696 0
4483 10 1 - 2642 10411 0
4483 10 1 - 4485 6263 1
-1 10 0 - 2913 5203 0
89682 10 0 - 3811 3528 0
-1 10 0 - 3809 3529 0
//Arc Home - By Nath
87989 10 0 - 1822 11606 0
87989 10 0 - 1822 11604 0
87989 10 0 - 1821 11604 0
87989 10 0 - 1824 11605 0
92120 10 0 - 1834 11581 0
92413 10 1 - 1839 11579 0
93284 10 1 - 1841 11579 0
8391 10 0 - 1879 11576 0
38787 10 0 - 1878 11610 0
100 10 0 - 1833 11612 0
2564 10 1 - 1834 11613 0
2564 10 1 - 1820 11591 0
//Donatorzone
7235 10 0 - 2321 3688 0
7235 10 0 - 2321 3683 0
//robust glass machine
67968 10 0 - 2584 2854 0
9034 10 0 - 1365 7366 0
9034 10 0 - 1366 7368 0
9034 10 0 - 1367 7369 0
9034 10 0 - 1367 7370 0
9036 10 0 - 1367 7379 0
9036 10 0 - 1366 7380 0
9036 10 0 - 1365 7380 0
9036 10 0 - 1363 7376 0
9036 10 0 - 1363 7377 0
93284 10 0 - 1370 7374 0
100 10 0 - 2339 3692 0
100 10 0 - 2317 3694 0
9036 10 0 - 2339 3694 0
9036 10 0 - 2338 3693 0
9036 10 0 - 2340 3695 0
9036 10 0 - 2338 3692 0
9036 10 0 - 2349 3692 0
9036 10 0 - 2350 3691 0
9036 10 0 - 2350 3690 0
9036 10 0 - 2349 3689 0
12000 10 0 - 2354 3700 0
12000 10 0 - 2352 3701 0
38616 10 0 - 2354 3694 0
38616 10 0 - 2353 3695 0
38616 10 0 - 2351 3696 0
38616 10 0 - 2349 3697 0
2096 10 0 - 2338 3672 0
2096 10 0 - 2339 3672 0
2096 10 0 - 2340 3672 0
2096 10 0 - 2341 3672 0
2092 10 0 - 2345 3672 0
2092 10 0 - 2346 3672 0
2092 10 0 - 2344 3672 0
2092 10 0 - 2343 3672 0
2092 10 0 - 2346 3672 0
2092 10 0 - 2345 3672 0
2092 10 0 - 2344 3672 0
2092 10 0 - 2343 3672 0
100 10 0 - 2339 3666 0
100 10 0 - 2344 3670 0
100 10 0 - 2341 3670 0
100 10 0 - 2338 3670 0
2094 10 100 - 2334 3671 0
2094 10 0 - 2334 3670 0
2094 10 0 - 2334 3669 0
2090 10 0 - 2334 3668 0
2090 10 0 - 2334 3667 0
2090 10 0 - 2334 3666 0
2100 10 0 - 2348 3669 0
2100 10 0 - 2348 3668 0
2100 10 0 - 2348 3667 0
2100 10 0 - 2348 3666 0
62364 10 0 - 2339 3666 0
2100 10 0 - 2348 3669 0
2100 10 0 - 2348 3668 0
2100 10 0 - 2348 3667 0
2100 10 0 - 2348 3666 0
2102 10 0 - 2342 3663 0
2102 10 0 - 2341 3663 0
2102 10 0 - 2340 3663 0
104446 10 0 - 2338 3678 0
104445 10 0 - 2338 3673 0
97841 10 0 - 2334 3680 0
27074 10 0 - 2325 3679 0
8702 10 0 - 2325 3671 0
2643 10 0 - 2325 3669 0
32438 10 1 - 1425 7340 0
32438 10 1 - 1426 7340 0
2108 10 100 - 2325 3666 0
32438 10 1 - 1427 7341 0
2108 10 100 - 2326 3666 0
2108 10 100 - 2327 3666 0
2108 10 100 - 2328 3666 0
32438 10 1 - 1428 7342 0
2108 10 100 - 2329 3666 0
2108 10 100 - 2330 3666 0
2108 10 100 - 2331 3666 0
2108 10 100 - 2332 3666 0
32435 10 1 - 1429 7343 0
2108 10 100 - 2333 3666 0
32435 10 1 - 1430 7344 0
32435 10 1 - 1430 7345 0
2098 10 0 - 2328 3671 0
2098 10 0 - 2329 3671 0
2098 10 0 - 2330 3671 0
45069 10 1 - 1430 7350 0
11179 10 0 - 2331 3671 0
45069 10 1 - 1430 7351 0
45069 10 1 - 1429 7354 0
3200 10 0 - 2333 3671 0
2644 10 0 - 2333 3668 0
11195 10 1 - 1414 7360 0
11195 10 1 - 1415 7361 0
2646 10 0 - 2333 3672 0
2646 10 0 - 2333 3673 0
2646 10 0 - 2333 3674 0
11195 10 1 - 1419 7363 0
2646 10 0 - 2333 3675 0
2646 10 0 - 2332 3675 0
2646 10 0 - 2332 3674 0
11195 10 1 - 1420 7364 0
11195 10 1 - 1421 7363 0
2646 10 0 - 2332 3673 0
2646 10 0 - 2332 3672 0
11195 10 2 - 1421 7362 0
2646 10 0 - 2331 3672 0
2646 10 0 - 2331 3673 0
2646 10 0 - 2331 3674 0
2646 10 0 - 2331 3675 0
2646 10 0 - 2330 3675 0
2646 10 0 - 2330 3674 0
2646 10 0 - 2330 3673 0
2646 10 0 - 2330 3672 0
5999 10 0 - 1426 7357 0
10947 10 1 - 1427 7359 0
10947 10 0 - 1426 7360 0
10947 10 2 - 1425 7361 0
100 10 0 - 1037 4683 1
100 10 0 - 1033 4683 1
100 10 0 - 1040 4711 1
100 10 0 - 1039 4711 1
100 10 0 - 1041 4711 1
100 10 0 - 1038 4710 1
100 10 0 - 1032 4710 1
100 10 0 - 1029 4712 1
100 10 0 - 1049 4708 1
100 10 0 - 1049 4710 1
100 10 0 - 1049 4709 1
100 10 0 - 1049 4708 1
100 10 0 - 4121 6614 0
100 10 0 - 4124 6616 0
100 10 0 - 4121 6616 0
100 10 0 - 4123 6613 0
100 10 0 - 4127 6615 0
100 10 0 - 4125 6615 0
100 10 0 - 4125 6616 0
100 10 0 - 4125 6614 0
100 10 0 - 4124 6612 0
100 10 0 - 4126 6614 0
100 10 0 - 4121 6615 0
100 10 0 - 4122 6614 0
100 10 0 - 4121 6614 0
100 10 0 - 4123 6609 0
100 10 0 - 4121 6609 0
100 10 0 - 4125 6609 0
100 10 0 - 4127 6609 0
100 10 0 - 4126 6614 0
100 10 0 - 4121 6613 0
100 10 0 - 4123 6613 0
100 10 0 - 4123 6616 0
100 10 0 - 4124 6616 0
100 10 0 - 4126 6613 0
100 10 0 - 4121 6615 0
100 10 0 - 4124 6612 0
100 10 0 - 4122 6613 0
100 10 0 - 4122 6613 0
67036 10 0 - 4120 6610 0
105325 10 0 - 4115 6570 0
87306 10 0 - 4114 6571 0
87306 10 0 - 4114 6569 0
87306 10 0 - 4117 6569 0
87306 10 0 - 4117 6572 0
87306 10 0 - 4116 6572 0
100 10 0 - 4095 6635 0
92713 10 0 - 4145 6554 0
92713 10 0 - 4143 6552 0
92713 10 0 - 4143 6554 0
87458 10 0 - 4145 6552 0
16684 10 0 - 4057 6581 0
10 10 100 - 4121 6614 0
100 10 10 - 4121 6614 0
100 10 10 - 4121 6614 0
100 10 10 - 4124 6613 0
100 10 10 - 4124 6613 0
100 10 10 - 4125 6614 0
100 10 10 - 4123 6615 0
100 10 10 - 4122 6615 0
100 10 10 - 4122 6614 0
100 10 10 - 4123 6614 0
100 10 10 - 4124 6614 0
100 10 10 - 4124 6613 0
100 10 10 - 4124 6614 0
100 10 10 - 4125 6614 0
100 10 10 - 4125 6613 0
100 10 10 - 4122 6615 0
100 10 10 - 4123 6615 0
-1 10 0 - 4117 6609 0
67036 10 20 - 4109 6610 0
16684 10 0 - 4058 6583 0
100 10 10 - 1036 4713 1
100 10 10 - 1036 4715 1
100 10 10 - 1035 4715 1
100 10 10 - 1034 4715 1
100 10 10 - 1033 4715 1
100 10 10 - 1032 4715 1
100 10 10 - 1031 4715 1
100 10 10 - 1030 4715 1
100 10 10 - 1032 4714 1
100 10 10 - 1033 4714 1
100 10 10 - 1034 4714 1
100 10 10 - 1029 4716 1
100 10 10 - 1031 4717 1
100 10 10 - 1028 4717 1
100 10 10 - 1027 4718 1
100 10 10 - 1027 4719 1
100 10 10 - 1027 4720 1
100 10 10 - 1026 4719 1
100 10 10 - 1026 4720 1
100 10 10 - 1027 4721 1
100 10 10 - 1027 4722 1
100 10 10 - 1027 4724 1
100 10 10 - 1027 4724 1
100 10 10 - 1026 4723 1
100 10 10 - 1026 4724 1
100 10 10 - 1027 4726 1
100 10 10 - 1028 4726 1
100 10 10 - 1039 4722 1
100 10 10 - 1029 4725 1
100 10 10 - 1029 4724 1
100 10 10 - 1030 4724 1
100 10 10 - 1030 4723 1
100 10 10 - 1030 4722 1
100 10 10 - 1030 4721 1
100 10 10 - 1029 4721 1
100 10 10 - 1029 4721 1
100 10 10 - 1041 4723 1
100 10 10 - 1029 4719 1
100 10 10 - 1032 4721 1
100 10 10 - 1033 4719 1
100 10 10 - 1041 4724 1
100 10 10 - 1034 4719 1
100 10 10 - 1043 4724 1
100 10 10 - 1036 4719 1
100 10 10 - 1043 4723 1
100 10 10 - 1033 4717 1
100 10 10 - 1036 4717 1
100 10 10 - 1036 4717 1
100 10 10 - 1038 4719 1
100 10 10 - 1039 4721 1
100 10 10 - 1039 4720 1
100 10 10 - 1041 4719 1
100 10 10 - 1043 4721 1
100 10 10 - 1041 4718 1
100 10 10 - 1041 4717 1
100 10 10 - 1041 4716 1
100 10 10 - 1041 4715 1
100 10 10 - 1039 4716 1
100 10 10 - 1039 4716 1
100 10 10 - 1043 4718 1
100 10 10 - 1038 4716 1
100 10 10 - 1037 4715 1
100 10 10 - 1038 4715 1
100 10 10 - 1037 4715 1
100 10 10 - 1039 4717 1
100 10 10 - 1040 4721 1
100 10 10 - 1042 4721 1
100 10 10 - 1036 4721 1
100 10 10 - 1043 4719 1
100 10 10 - 1035 4721 1
100 10 10 - 1035 4722 1
100 10 10 - 1035 4723 1
100 10 10 - 1036 4724 1
100 10 10 - 1042 4722 1
100 10 10 - 1036 4725 1
100 10 10 - 1036 4725 1
100 10 10 - 1035 4725 1
100 10 10 - 1034 4725 1
100 10 10 - 1033 4725 1
100 10 10 - 1032 4725 1
100 10 10 - 1032 4724 1
100 10 10 - 1032 4723 1
100 10 10 - 1032 4722 1
100 10 10 - 1029 4722 1
100 10 10 - 1029 4723 1
100 10 10 - 1030 4725 1
100 10 10 - 1031 4726 1
100 10 10 - 1033 4724 1
100 10 10 - 1033 4723 1
100 10 10 - 1033 4722 1
100 10 10 - 1032 4722 1
92713 10 10 - 1037 4719 1
92713 10 10 - 1040 4721 1
92713 10 10 - 1030 4721 1
100 10 10 - 1046 4698 1
100 10 10 - 1048 4698 1
100 10 10 - 1049 4700 1
100 10 10 - 1050 4698 1
100 10 10 - 1050 4699 1
100 10 10 - 1049 4708 1
100 10 10 - 1049 4709 1
100 10 10 - 1049 4708 1
100 10 10 - 1042 4711 1
100 10 10 - 1041 4711 1
100 10 10 - 1041 4711 1
100 10 10 - 1040 4711 1
100 10 10 - 1039 4711 1
100 10 10 - 1038 4710 1
100 10 10 - 1032 4710 1
100 10 10 - 1030 4712 1
100 10 10 - 1029 4712 1
100 10 10 - 1054 4706 1
100 10 10 - 1054 4710 1
100 10 10 - 1055 4711 1
100 10 10 - 1057 4709 1
100 10 10 - 1063 4708 1
100 10 10 - 1063 4706 1
100 10 10 - 1054 4708 1
100 10 10 - 1054 4709 1
100 10 10 - 1055 4710 1
100 10 10 - 1056 4711 1
100 10 10 - 1061 4709 1
100 10 10 - 1063 4707 1
100 10 10 - 1062 4710 1
100 10 10 - 1063 4711 1
100 10 10 - 1060 4710 1
100 10 10 - 1061 4709 1
100 10 10 - 1061 4709 1
100 10 10 - 1063 4709 1
100 10 10 - 1010 4704 1
100 10 10 - 1010 4703 1
100 10 10 - 1010 4702 1
100 10 10 - 1010 4701 1
100 10 10 - 1010 4700 1
100 10 10 - 1010 4699 1
100 10 10 - 1009 4699 1
100 10 10 - 1008 4699 1
100 10 10 - 1007 4699 1
100 10 10 - 1006 4699 1
100 10 10 - 1005 4699 1
100 10 10 - 1004 4699 1
100 10 10 - 1003 4699 1
100 10 10 - 1002 4699 1
100 10 10 - 1001 4699 1
100 10 10 - 1001 4699 1
100 10 10 - 1001 4699 1
100 10 10 - 1001 4700 1
100 10 10 - 1000 4700 1
100 10 10 - 999 4700 1
100 10 10 - 998 4700 1
100 10 10 - 997 4700 1
100 10 10 - 1007 4701 1
100 10 10 - 1007 4700 1
100 10 10 - 1007 4700 1
100 10 10 - 1008 4701 1
100 10 10 - 1007 4702 1
100 10 10 - 1007 4702 1
100 10 10 - 1009 4702 1
100 10 10 - 1008 4702 1
100 10 10 - 1009 4701 1
100 10 10 - 1011 4699 1
100 10 10 - 1012 4699 1
100 10 10 - 1013 4699 1
100 10 10 - 1014 4699 1
100 10 10 - 1014 4700 1
100 10 10 - 1014 4701 1
100 10 10 - 1014 4701 1
100 10 10 - 1010 4705 1
100 10 10 - 1010 4706 1
100 10 10 - 1010 4707 1
100 10 10 - 1010 4708 1
100 10 10 - 1010 4709 1
100 10 10 - 1010 4710 1
100 10 10 - 1010 4711 1
100 10 10 - 1010 4712 1
100 10 10 - 1009 4712 1
100 10 10 - 1008 4712 1
100 10 10 - 1007 4712 1
100 10 10 - 1006 4712 1
100 10 10 - 1005 4712 1
100 10 10 - 1014 4708 1
100 10 10 - 1014 4708 1
100 10 10 - 1014 4713 1
100 10 10 - 1014 4711 1
100 10 10 - 1008 4715 1
100 10 10 - 1008 4715 1
100 10 10 - 1007 4715 1
100 10 10 - 1003 4715 1
100 10 10 - 1002 4715 1
123 10 1 - 2571 3022 0
123 10 0 - 2571 3022 0
123 10 0 - 2572 3022 0
123 10 0 - 2574 3022 0