RareDropTable=true
962, 1, 1, 4
1516, 75, 175, 2
6571, 1, 1, 3
1632, 5, 13, 3
1618, 30, 65, 1
4694, 450, 1455, 3
4697, 500, 1675, 3
385, 3, 7, 1
452, 15, 35, 3
15272, 4, 9, 2
15271, 75, 130, 3
33210, 1, 2, 3, 
4835, 5, 5, 0
561, 700, 1100, 2
4698, 400, 1200, 3
4695, 500, 1300, 3
1514, 55, 115, 3
563, 200, 650, 1
4699, 250, 725, 3
220, 30, 125, 3
3050, 10, 35, 1
3052, 10, 40, 2
2486, 20, 70, 2
212, 15, 55, 2
4696, 475, 1315, 3
560, 300, 910, 2
6694, 30, 75, 2
454, 300, 675, 2
565, 380, 700, 2
23525, 2, 3, 3