1823, 5151, 2. Region: 31, 31. Chunk: 7, 7. Scene: 55, 55, 2. Map: [6991,
	  6992, 6993, 7247, 7248, 7249, 7503, 7504, 7505].
	  
	  1877, 5409, 0. Region: 21, 33. Chunk: 5, 1. Scene: 29, 41, 0. Map: [7251,
	  7252, 7253, 7507, 7508, 7509, 7763, 7764, 7765].
	  
	  (Varrock) 1861, 5558, 0. Region: 5, 54. Chunk: 5, 6. Scene: 21, 70, 0.
	  Map: [7253, 7254, 7255, 7509, 7510, 7511, 7765, 7766, 7767].
	  
	  (Yu'biusk) 2218, 4256, 1. Region: 42, 32. Chunk: 2, 0. Scene: 74, 48, 1.
	  Map: [8513, 8514, 8515, 8769, 8770, 8771, 9025, 9026, 9027].
	  
	  1316, 5088, 2. Region: 36, 32. Chunk: 4, 0. Scene: 52, 48, 2. Map: [4942,
	  4943, 4944, 5198, 5199, 5200, 5454, 5455, 5456].
	  
	  (Iceburg) 3553, 5919, 1. Region: 33, 31. Chunk: 1, 7. Scene: 49, 63, 1.
	  Map: [13915, 13916, 13917, 14171, 14172, 14173, 14427, 14428, 14429].
	  
	  4829, 3869, 1. Region: 29, 29. Chunk: 5, 5. Scene: 45, 29, 1. Map:
	  [19004, 19005, 19260, 19261, 19516, 19517].