22997 - 1964 11793 0
22997 - 1965 11803 0
23009 - 1966 11825 0
22997 - 1975 11793 0
22968 - 1967 11826 0
22997 - 1964 11796 0
23376 - 1755 11947 0
23376 - 1751 11944 0
23070 - 2074 11304 0
23069 - 2078 11302 0
23070 - 2081 11298 0
23069 - 2083 11299 0
23069 - 2076 11308 0
23070 - 2084 11311 0
21567 - 2086 11325 0
23032 - 2089 11276 0
23069 - 2095 11310 0
21567 - 2088 11326 0
23070 - 2091 11310 0
23070 - 2091 11302 0
21567 - 2096 11320 0
21567 - 2096 11326 0
23069 - 2093 11312 0
23455 - 1749 11932 0
23070 - 2111 11307 0
23453 - 1764 11930 0
23011 - 2101 11277 0
23370 - 1764 11931 0
23071 - 2099 11320 0
23456 - 1768 11927 0
23071 - 2108 11310 0
23454 - 1770 11927 0
23071 - 2106 11325 0
23528 - 1773 11919 0
22970 - 2056 11270 0
23446 - 1785 11953 0
22969 - 2058 11270 0
23449 - 1787 11961 0
22972 - 2059 11270 0
23371 - 1747 11939 0
22967 - 2060 11270 0
23451 - 1761 11932 0
22966 - 2061 11270 0
22966 - 1760 12010 0
23014 - 2068 11344 0
22967 - 1760 12011 0
23015 - 2073 11342 0
22972 - 1760 12012 0
21567 - 2080 11345 0
22969 - 1760 12013 0
23073 - 2085 11335 0
22970 - 1760 12014 0
21567 - 2082 11338 0
21567 - 2084 11331 0
21567 - 2085 11351 0
21567 - 2088 11336 0
21567 - 2088 11343 0
23074 - 2088 11333 0
23074 - 2085 11348 0
23394 - 2272 11164 0
21567 - 2093 11341 0
23406 - 2283 11182 0
21567 - 2095 11348 0
23395 - 2284 11199 0
21567 - 2094 11329 0
23402 - 2293 11173 0
21567 - 2095 11354 0
22966 - 2251 11182 0
21567 - 2098 11332 0
22967 - 2252 11182 0
23073 - 2098 11335 0
22972 - 2253 11182 0
23073 - 2100 11352 0
22969 - 2254 11182 0
23074 - 2104 11344 0
22970 - 2255 11182 0
21567 - 2102 11340 0
23374 - 2254 11214 0
21567 - 2101 11348 0
23374 - 2260 11218 0
21567 - 2106 11331 0
23374 - 2261 11212 0
23074 - 2104 11333 0
23374 - 2257 11219 0
23073 - 2108 11339 0
23374 - 2264 11212 0
23074 - 2109 11348 0
23374 - 2266 11211 0
23134 - 2056 11787 0
23374 - 2262 11227 0
23134 - 2060 11790 0
23374 - 2266 11212 0
23134 - 2056 11784 0
23374 - 2265 11232 0
23134 - 2060 11785 0
23374 - 2271 11231 0
23134 - 2056 11788 0
23405 - 2288 11212 0
23034 - 2062 11799 0
23404 - 2297 11224 0
22970 - 2240 11423 0
22969 - 2242 11423 0
22972 - 2243 11423 0
22967 - 2244 11423 0
22966 - 2245 11423 0
23071 - 2116 11313 0
23071 - 2111 11311 0
23071 - 2107 11319 0
23071 - 2120 11315 0
23071 - 2116 11320 0
23071 - 2122 11313 0
23071 - 2124 11326 0
23071 - 2119 11306 0
23071 - 2129 11315 0
23071 - 2131 11317 0
23071 - 2130 11318 0
23071 - 2134 11319 0
23436 - 1730 11965 0
23433 - 1789 11962 0
23495 - 1979 11788 0
23495 - 2089 11327 0
23495 - 2059 11789 0
23436 - 2272 11454 0
23377 - 2286 11161 0
23377 - 2289 11157 0
23377 - 2292 11157 0
23377 - 2288 11159 0
23378 - 2483 11613 0
23132 - 1825 11570 0
23132 - 1821 11571 0
23132 - 1822 11568 0
23097 - 1849 11578 0
23118 - 1803 11565 0
23104 - 1809 11557 0
23103 - 1815 11570 0
23117 - 1818 11567 0
23081 - 1822 11576 0
23102 - 1823 11567 0
23120 - 1824 11572 0
23116 - 1825 11556 0
23119 - 1825 11562 0
23118 - 1831 11553 0
23376 - 1749 11953 0
23105 - 1834 11561 0
23095 - 1833 11564 0
23115 - 1834 11570 0
23101 - 1845 11569 0
23376 - 2463 11560 0
23118 - 1800 11589 0
23106 - 1818 11588 0
23113 - 1818 11589 0
23080 - 1839 11623 0
23087 - 1844 11605 0
23084 - 1844 11623 0
22960 - 1850 11606 0
23097 - 1851 11636 0
23078 - 1855 11635 0
23100 - 1855 11604 0
22985 - 1812 11609 0
22980 - 1813 11598 0
23105 - 1814 11600 0
23457 - 1810 11606 0
23031 - 1816 11615 0
22984 - 1817 11594 0
23104 - 1820 11611 0
23399 - 2304 11195 0
23376 - 2510 11598 0
23365 - 1816 11597 0
23407 - 2267 11182 0
23362 - 1822 11597 0
23461 - 2312 11191 0
23363 - 1815 11595 0
23398 - 2316 11167 0
23362 - 1826 11595 0
23462 - 2319 11200 0
23363 - 1820 11592 0
23403 - 2327 11182 0
23365 - 1820 11593 0
23393 - 2337 11199 0
23090 - 1821 11629 0
23464 - 2309 11209 0
23108 - 1822 11607 0
23397 - 2311 11230 0
22959 - 1822 11621 0
23463 - 2313 11207 0
23108 - 1822 11646 0
23396 - 2318 11217 0
23460 - 1822 11595 0
23401 - 2320 11202 0
23106 - 1823 11607 0
23409 - 2324 11223 0
23458 - 1825 11614 0
23410 - 2337 11201 0
23392 - 1823 11621 0
23101 - 1821 11638 0
23103 - 1825 11595 0
22981 - 1827 11593 0
23115 - 1827 11600 0
22987 - 1827 11616 0
23102 - 1828 11609 0
23114 - 1832 11604 0
23459 - 1831 11604 0
22982 - 1833 11608 0
22983 - 1834 11600 0
22970 - 1804 11651 0
22969 - 1806 11652 0
22972 - 1807 11652 0
22967 - 1808 11652 0
22966 - 1809 11652 0
23077 - 1807 11661 0
23081 - 1815 11663 0
23114 - 1821 11656 0
23376 - 1748 11951 0
23115 - 1823 11655 0
23100 - 1829 11646 0
23095 - 1831 11665 0
23448 - 1796 11963 0
23450 - 1800 11960 0
23447 - 1799 11954 0
23369 - 1800 11965 0
23376 - 1753 11944 0
15747 - 1842 11592 0
23115 - 1862 11582 0
22971 - 1865 11580 0
23098 - 1873 11573 0
23020 - 1869 11580 0
23095 - 1876 11568 0
23078 - 1879 11580 0
23096 - 1859 11604 0
23103 - 1869 11604 0
23082 - 1871 11607 0
23102 - 1876 11608 0
23111 - 1889 11598 0
23110 - 1898 11596 0
23133 - 2010 11825 0
23133 - 2014 11830 0
23133 - 2014 11824 0
23133 - 2010 11830 0
23133 - 2010 11826 0
23133 - 2014 11827 0
22963 - 2042 11824 0
22970 - 2011 11776 0
22969 - 2012 11778 0
22972 - 2012 11779 0
22967 - 2012 11780 0
23430 - 2098 11330 0
22966 - 2012 11781 0
23431 - 2289 11212 0
23431 - 2344 11202 0
23431 - 2480 11559 0
23431 - 2485 11594 0
23366 - 2449 11536 0
23366 - 2454 11561 0
23376 - 2455 11548 0
23366 - 2460 11562 0
23378 - 2485 11617 0
23366 - 2460 11537 0
23366 - 2461 11551 0
23366 - 2468 11553 0
23366 - 2467 11541 0
23366 - 2467 11545 0
23426 - 2485 11604 0
23421 - 2447 11593 0
22966 - 2448 11593 0
22967 - 2449 11593 0
23378 - 2490 11611 0
22997 - 1948 11806 0
22972 - 2450 11593 0
22997 - 1952 11795 0
22969 - 2451 11593 0
22997 - 1953 11791 0
22970 - 2452 11592 0
22997 - 1953 11803 0
22997 - 1956 11785 0
23378 - 2485 11613 0
22997 - 1953 11801 0
22997 - 1955 11809 0
22997 - 1953 11797 0
22997 - 1960 11783 0
22997 - 1953 11806 0
22997 - 1959 11800 0
22997 - 1963 11787 0
22997 - 1965 11803 0
22997 - 1956 11810 0
23378 - 2484 11615 0
22997 - 1955 11807 0
22997 - 1964 11794 0
22997 - 1969 11801 0
22997 - 1962 11793 0