// Dump by: Pax M
22332 - 3343 2870 0
22332 - 3341 2883 0
22332 - 3341 2886 0
22330 - 3342 2891 0
22331 - 3343 2890 0
1994 - 3343 2891 0
1994 - 3343 2890 0
22327 - 3344 2870 0
6873 - 3350 2884 0
22330 - 3349 2892 0
1994 - 3348 2895 0
22331 - 3353 2879 0
22328 - 3353 2884 0
22342 - 3357 2883 0
17039 - 3357 2897 0
17039 - 3360 2897 0
4577 - 3362 2894 0
3675 - 3339 2867 0
3675 - 3331 2866 0
17039 - 3335 2871 0
17039 - 3364 2880 0
17039 - 3366 2894 0
17039 - 3377 2888 0
22305 - 3379 2875 0
17039 - 3384 2886 0
17039 - 3385 2896 0
22436 - 3196 6938 1
16665 - 3198 6941 1
22434 - 3194 6945 1
22437 - 3199 6951 1
6815 - 3199 6948 1
16663 - 3196 6945 1
6815 - 3195 6948 1
22435 - 3203 6938 1
6873 - 3203 6940 1
16663 - 3202 6943 1
22433 - 3205 6945 1
6873 - 3200 6947 1
6815 - 3200 6948 1
6873 - 3200 6946 1
7343 - 3198 6945 1
22470 - 3190 6924 1
22470 - 3210 6924 1
6873 - 3199 6944 1
6873 - 3200 6940 1
22471 - 3219 6933 1
22470 - 3222 6933 1
16666 - 3200 6940 1
22473 - 3239 6963 1
22472 - 3239 6971 1
22472 - 3239 6971 1
22470 - 3239 6971 1
22472 - 3239 6971 1
22430 - 3240 6963 1
22470 - 3240 6970 1
22471 - 3241 6970 1
22470 - 3241 6970 1
22475 - 3240 6970 1
22471 - 3240 6970 1
22472 - 3240 6970 1
22470 - 3233 6981 1
22479 - 3226 6982 1
22470 - 3229 6983 1
22473 - 3229 6986 1
22467 - 3224 6987 1
22483 - 3227 6987 1
22479 - 3227 6988 1
22478 - 3226 6989 1
22470 - 3241 6997 1
22471 - 3250 6987 1
22471 - 3217 7017 1
22470 - 3220 7017 1
22470 - 3222 7018 1
16664 - 3232 7030 1
22480 - 3237 7036 1
21031 - 3225 7039 1
22479 - 3242 7040 1
22479 - 3205 7031 1
22467 - 3203 7031 1
22481 - 3203 7029 1
22472 - 3183 7022 1
22488 - 3173 7035 1
22472 - 3180 7021 1
22471 - 3186 7020 1
22480 - 3172 7035 1
22481 - 3172 7035 1
6873 - 3179 7018 1
22472 - 3185 7018 1
22488 - 3156 7021 1
22491 - 3156 7023 1
6873 - 3155 7023 1
21032 - 3155 7025 1
22488 - 3153 7036 1
22471 - 3180 7011 1
22478 - 3173 7008 1
6873 - 3150 7034 1
6873 - 3147 7029 1
6873 - 3143 7031 1
21031 - 3142 7033 1
6815 - 3140 7036 1
6571 - 3140 7034 1
22488 - 3134 7029 1
22464 - 3161 7036 1
22464 - 3155 7042 1
6873 - 3126 7045 1
22464 - 3138 7037 1
22464 - 3132 7031 1
22491 - 3140 7018 1
22464 - 3133 7040 1
22487 - 3166 7020 1
22492 - 3168 7021 1
22464 - 3141 7019 1
22487 - 3145 7000 1
22486 - 3147 6997 1
22469 - 3144 6995 1
22492 - 3145 6991 1
22499 - 3159 6985 1
22486 - 3156 6985 1
22496 - 3162 6986 1
22486 - 3153 6981 1
6873 - 3150 6976 1
22489 - 3149 6968 1
22499 - 3161 6975 1
22465 - 3167 6979 1
22464 - 3150 6972 1
22490 - 3146 6949 1
22486 - 3156 6951 1
6815 - 3157 6950 1
22469 - 3144 6948 1
22464 - 3148 6963 1
22464 - 3166 6955 1
22500 - 3157 6941 1
22498 - 3156 6940 1
22500 - 3148 6936 1
22501 - 3152 6936 1
6873 - 3156 6933 1
22492 - 3159 6933 1
22492 - 3146 6963 1
22497 - 3134 6934 1
22496 - 3134 6934 1
6815 - 3159 6943 1
6815 - 3130 6931 1
22500 - 3128 6933 1
22500 - 3138 6930 1
6794 - 3155 6930 1
6873 - 3156 6931 1
22489 - 3158 6936 1
22498 - 3144 6924 1
6873 - 3140 6918 1
22492 - 3164 6947 1
22496 - 3161 6916 1
6873 - 3163 6915 1
22464 - 3165 6945 1
22498 - 3139 6914 1
22464 - 3161 6915 1
6815 - 3140 6913 1
6815 - 3155 6932 1
22497 - 3163 6909 1
6815 - 3141 6906 1
22500 - 3143 6906 1
22500 - 3146 6908 1
22496 - 3139 6904 1
22500 - 3138 6903 1
22464 - 3140 6902 1
22497 - 3123 6910 1
6873 - 3122 6905 1
22498 - 3122 6907 1
6873 - 3117 6902 1
6873 - 3117 6902 1
6873 - 3117 6902 1
6873 - 3117 6902 1
14954 - 3117 6902 1
6873 - 3117 6902 1
6873 - 3114 6896 1
6873 - 3117 6902 1
22464 - 3123 6917 1
22472 - 3158 6931 1
22473 - 3159 6913 1
22499 - 3135 6915 1
22500 - 3138 6917 1
22498 - 3141 6915 1
22500 - 3140 6913 1
22499 - 3141 6914 1
22498 - 3141 6915 1
22500 - 3140 6918 1
22499 - 3141 6916 1
22472 - 3161 6926 1
22491 - 3165 6926 1
22492 - 3165 6929 1
6873 - 3165 6924 1
22471 - 3166 6911 1
22470 - 3176 6932 1
22498 - 3159 6908 1
22471 - 3170 6904 1
6815 - 3186 6912 1
22492 - 3166 6930 1
22474 - 3193 6904 1
22468 - 3196 6904 1
22470 - 3195 6904 1
22473 - 3196 6907 1
22470 - 3195 6907 1
22470 - 3197 6905 1
22471 - 3197 6905 1
22472 - 3199 6908 1
22473 - 3199 6908 1
22472 - 3197 6905 1
6815 - 3183 6932 1
22470 - 3218 6910 1
22472 - 3222 6907 1
22472 - 3221 6908 1
22470 - 3224 6907 1
22472 - 3225 6905 1
6815 - 3224 6925 1
22475 - 3225 6926 1
22471 - 3227 6913 1
22472 - 3227 6913 1
22471 - 3227 6921 1
22472 - 3227 6918 1
6873 - 3227 6923 1
6873 - 3227 6931 1
22471 - 3229 6925 1
6873 - 3233 6934 1
22471 - 3244 6928 1
22470 - 3244 6928 1
21567 - 3248 6912 1
6873 - 3252 6910 1
19648 - 3252 6911 1
21567 - 3256 6915 1
22471 - 3237 6946 1
21567 - 3257 6923 1
6873 - 3250 6948 1
21567 - 3261 6918 1
22472 - 3250 6912 1
21567 - 3266 6908 1
6873 - 3265 6906 1
22464 - 3247 6913 1
22472 - 3253 6903 1
22464 - 3247 6907 1
6873 - 3270 6903 1
21567 - 3270 6902 1
21567 - 3270 6902 1
21567 - 3270 6909 1
6815 - 3274 6900 1
6873 - 3274 6900 1
6815 - 3244 6925 1
6873 - 3251 6927 1
22473 - 3248 6952 1
22468 - 3255 6955 1
22470 - 3252 6956 1
22471 - 3253 6958 1
22471 - 3255 6969 1
22478 - 3249 6982 1
16980 - 3248 6952 1
22481 - 3253 6984 1
22481 - 3244 6983 1
22467 - 3255 7003 1
21033 - 3258 7010 1
22492 - 3261 7021 1
22478 - 3260 7021 1
22478 - 3263 7021 1
6873 - 3249 7027 1
22481 - 3256 7028 1
21031 - 3257 7029 1
22464 - 3240 7034 1
22430 - 3266 7040 1
6813 - 3266 7042 1
22478 - 3263 7032 1
22478 - 3266 7036 1
22479 - 3264 7039 1
22480 - 3267 7033 1
22481 - 3266 7037 1
22479 - 3264 7039 1
22481 - 3267 7033 1
22480 - 3264 7033 1
16980 - 3259 7030 1
6873 - 3268 7045 1
22480 - 3275 7047 1
6873 - 3276 7053 1
6873 - 3278 7050 1
22464 - 3265 7046 1
22487 - 3207 7027 1
22492 - 3208 7028 1
22489 - 3208 7034 1
22488 - 3203 7027 1
22486 - 3203 7030 1
22491 - 3204 7028 1
22488 - 3203 7030 1
22492 - 3200 7028 1
6873 - 3171 7021 1
22480 - 3174 7016 1
22490 - 3151 7025 1
22491 - 3152 7025 1
22492 - 3153 7025 1
22491 - 3152 7025 1
22486 - 3148 7026 1
22487 - 3148 7027 1
22488 - 3149 7031 1
22494 - 3148 7025 1
22489 - 3149 7026 1
6580 - 3147 7035 1
22489 - 3134 7036 1
22488 - 3130 7039 1
6873 - 3130 7046 1
22489 - 3129 7043 1
6873 - 3154 7023 1
6873 - 3156 6989 1
7343 - 3153 6959 1
22487 - 3148 6950 1
18939 - 3134 6947 1
22490 - 3149 6947 1
6815 - 3158 6939 1
6873 - 3155 6932 1
22498 - 3142 6931 1
6873 - 3169 6919 1
13296 - 3143 6918 1
6873 - 3162 6912 1
22430 - 3181 6926 1
6873 - 3180 6930 1
6815 - 3191 6943 1
6873 - 3195 6943 1
6873 - 3196 6943 1
6873 - 3197 6939 1
6873 - 3198 6948 1
6873 - 3199 6948 1
6815 - 3200 6948 1
16665 - 3198 6940 1
6815 - 3191 6951 1
6873 - 3198 6941 1
4664 - 3199 6939 1
6873 - 3200 6939 1
22508 - 3199 6941 1
17039 - 3373 2874 0
17039 - 3374 2890 0
17039 - 3395 2873 0
17039 - 3379 2861 0
17039 - 3377 2891 0
17039 - 3360 2867 0
1994 - 3376 2897 0
1994 - 3346 2897 0
17039 - 3341 2897 0
17782 - 3336 2883 0
6873 - 3374 2898 0
1994 - 3372 2899 0
1994 - 3389 2902 0
22328 - 3385 2903 0
22330 - 3380 2909 0
22331 - 3381 2908 0
17039 - 3389 2908 0
17039 - 3374 2910 0
22331 - 3387 2911 0
1994 - 3376 2913 0
22330 - 3386 2912 0
2301 - 3395 2917 0
17039 - 3371 2922 0
17039 - 3400 2913 0
6873 - 3400 2913 0
21368 - 3401 2874 0
17039 - 3403 2865 0
4930 - 3407 2886 0
21878 - 3408 2873 0
21369 - 3411 2879 0
21877 - 3412 2871 0
21367 - 3412 2872 0
17039 - 3414 2867 0
21369 - 3414 2871 0
4932 - 3415 2884 0
4931 - 3416 2886 0
4931 - 3418 2885 0
17039 - 3422 2876 0
17039 - 3423 2882 0
3046 - 3425 2889 0
3046 - 3425 2891 0
3046 - 3425 2893 0